011
10100101110
00100000000
00110000000
00001000000
00001111000
00000000001
01111100000
012
00010100100
00000000000
00000000000
00000000000
00000000000
00000000000
00000000000
013
00000000000
00000000000
00000000000
00000000000
00000000000
00000000000
00000000000
014
00000000000
00000000000
00000000000
00000000000
00000000000
00000000000
00000000000
015
11111111111
11111111111
11111111111
11111111111
11111111111
11111111111
11111111111
016
00101001010
01010110000
00001100110
01110000000
11111100110
00111000000
00000000000
017
00000000000
00000000000
01101000000
00000000000
00000000000
00000000000
00000000000
018
01101000000
00000000000
00000000000
00000000000
00000000000
00000000000
00000000000
021
00000000000
00000000000
00000000000
00000000000
00000000000
00000000000
00000000000
022
00000000000
00000000000
00000000000
00000000000
00000000000
00000000000
00000000000
023
11100000000
11100101000
00000110100
11100000000
11101100000
11110011000
11100000000
024
00000001100
11100000000
00010101000
01011000000
11110011000
00000000000
00000000000
025
10010010000
00111100000
00000000000
00000000000
00000000000
01110000000
00000000000
026
00000000000
00000000000
00000000000
00000000000
00000000000
00000000000
00000000000
027
00000011100
00000111000
00000000000
00000000000
00000000000
00000000000
00000000000
028
11111101000
11111101100
11111100000
11111100100
11111111110
11111100000
11111111111
031
00000000000
00011100000
00000000000
00000000000
00000000000
00000000000
00000000000
032
00000000000
00000000000
00000000000
00000000000
00000000000
00000000000
00000000000
033
00000000000
00000000000
00000000000
00000000000
00000000000
00000000000
00000000000
034
00000000000
00000000000
00000000000
00000000000
00000000000
00000000000
00000000000
035
11010101100
01011111011
11100101111
01111100100
11111111110
11100110110
01101011111
036
01001000100
00000000000
00000000000
00000000000
00000000000
00000000000
00000000000
037
00000000000
00000000000
00000000000
00001110000
00111111000
00000000000
00000000000
038
00000000000
00000000000
00000000000
00000000000
00000000000
00000000000
00000000000
111
00000000000
00000000000
01100000000
00000000000
00000000000
00000000000
00000000000
112
00000000000
00000000000
00000000000
00000000000
00000000000
00000000000
00000000000
113
00000000000
00000000000
00000000000
00000000000
00000000000
00000000000
00000000000
114
00000000000
00000000000
00000000000
00000000000
00000000000
00000000000
00000000000
115
00000000000
00000000000
00000000000
00000000000
00000000000
00000000000
00000000000
116
00000000000
00000000000
00000000000
00000000000
00000000000
00000000000
00000000000
117
00001110100
01010100000
01110000000
11000000000
00110000000
00000000000
00000000000
118
00000000000
00000000000
00110100000
00000000000
00000000000
00000000000
00000000000
121
00000000000
00000000000
00000000000
00000000000
00000000000
00000000000
00000000000
122
00000000000
00000000000
00000000000
00000111000
00000000000
00000000000
00000000000
123
00000000000
00000000000
00000000000
00000000000
00000000000
00000000000
00000000000
124
00000000000
00000000000
00000000000
00000000000
00000000000
00000000000
00000000000
125
00000000000
00000000000
00000000000
00000000000
00000000000
00000000000
00000000000
126
00000000000
00000000000
00000000000
00000000000
00000000000
00000000000
00000000000
127
11101000000
00011010000
00111000000
00000000000
00000000000
00000000000
00000000000
128
01101000000
00000000000
00000000000
00111000000
00000000000
00000000000
00000000000
131
00000000000
00000001000
00000000100
00001000100
00000000000
00010010010
00000000000
132
00000000000
00000000000
00000000000
00000000000
00000000000
00000000000
00000000000
133
00011100000
01010100000
00101010000
01110000000
00000011000
00000000000
00000000000
134
00000000000
00000000000
00000000000
00000000000
00000000000
00000000000
00000000000
135
00000000000
00000000000
00000111000
01110110000
11111111000
00000000000
00010010010
136
00000000000
00000000000
00000000000
11000000000
00000000000
00011100000
00000000000
137
00000000000
00011100000
00000000000
00000000000
00000000000
00000000000
00000000000
138
00000000000
00000000000
00000000000
00000000000
00000000000
00000000000
00000000000
211
00000000000
00000000000
00000000000
00000000000
00000000000
00000000000
00000000000
212
00000000000
00000000000
00000000000
00000000000
00000000000
00000000000
00000000000
213
00000000000
00101100000
01110011100
01110000000
00000000000
00000000000
00000000000
214
00000000000
00000000000
00110101000
00011100000
00000000000
00000000000
00000000000
215
00000000000
00000000000
01001101000
00000000000
00000000000
00000000000
00000000000
216
00000000000
00000000000
00000000000
00000000000
00000000000
00000000000
00000000000
217
00000000000
00000000000
00000000000
00000000000
00000000000
00000000000
00000000000
218
00000000000
00000000000
00000000000
00000000000
00000000000
00000000000
00000000000
221
00000000000
00000000000
00000000000
00000000000
00000000000
00000000000
00000000000
222
00000000000
00000000000
00000000000
00000000000
00000000000
00000000000
00000000000
223
00000000000
00000000000
00000000000
00000000000
00000000000
00000000000
00000000000
224
00000000000
00000000000
00000000000
00000000000
00000000000
00000000000
00000000000
225
00000000000
00000000000
00000000000
00000000000
00000000000
00000000000
00000000000
226
00000000000
00000000000
00000000000
00000000000
00000000000
00000000000
00000000000
227
00000000000
00000000000
00000000000
00101100000
00000000000
00000000000
00000000000
228
00000000000
00000000000
00000000000
00000000000
00000000000
00000000000
00000000000
231
00000000000
00000000000
00010110000
00000000000
00000000000
00000000000
00000000000
232
00000000000
00000000000
00000000000
00000000000
00000000000
11111000000
00000000000
233
00000000000
00001101000
00000000000
00000000000
00001111000
00000000000
00000000000
234
00000000000
00000000000
00000000000
00000000000
00000000000
00000000000
00000000000
235
00000000000
00000000000
00000000000
00000000000
00000000000
00000000000
00000000000
236
00000000000
00000000000
00000000000
00000000000
00000000000
00000000000
00000000000
237
00000000000
00000000000
00000000000
00000000000
00000000000
00000000000
00000000000
238
00000000000
00000000000
00000000000
00000000000
00000000000
00000000000
00000000000
311
00000000000
00000000000
00000000000
00000000000
00000000000
00000000000
00000000000
312
00000000000
00000000000
00000000000
00000000000
00000000000
00000000000
00000000000
313
00000000000
00000000000
00000000000
00000000000
00000000000
00000000000
00000000000
314
00000000000
00000000000
00000000000
00000000000
00000000000
00000000000
00000000000
315
00000000000
00000000000
00000000000
00000000000
00000000000
00000000000
00000000000
316
00000000000
00000000000
00000000000
00000000000
00000000000
00000000000
00000000000
317
00000000000
00000000000
00000000000
00000000000
00000000000
00000000000
00000000000
318
00000000000
00000000000
00000000000
00000000000
00000000000
00000000000
00000000000
321
00000000000
00000000000
00000000000
00110010000
00000000000
00000000000
00000000000
322
00000000000
00000000000
00000000000
00000000000
00000000000
00000000000
00000000000
323
00000000000
00000000000
00000000000
00000000000
00000000000
00000000000
00000000000
324
00000000000
00000000000
00000000000
00000000000
00000000000
00000000000
00000000000
325
00000000000
00000000000
00000000000
00000000000
00000000000
00000000000
00000000000
326
00000000000
00000000000
00000000000
00000000000
00000000000
00000000000
00000000000
327
00000000000
00000000000
00000000000
00000000000
00000000000
00000000000
00000000000
328
00000000000
00000000000
00000000000
00000000000
00000000000
00000000000
00000000000
331
00000000000
00000000000
00000000000
00000000000
00000000000
00000000000
00000000000
332
00000000000
00000000000
00000000000
00000000000
00000000000
00000000000
00000000000
333
00000000000
00000000000
00000000000
00000000000
00000000000
00000000000
00000000000
334
00000000000
00000000000
00000000000
00110000000
00000000000
00000000000
00000000000
335
00000000000
00000000000
00000000000
00000000000
00000000000
00000000000
00000000000
336
00000000000
00000000000
00000000000
00000000000
00000000000
00000000000
00000000000
337
00000000000
00000000000
00000000000
00000000000
00000000000
00000000000
00000000000
338
00000000000
00000000000
00000000000
00000000000
00000000000
00000000000
00000000000
411
00000000000
00000000000
00000000000
00000000000
00000000000
00000000000
00000000000
412
00000000000
00000000000
00000000000
00000000000
00000000000
00000000000
00000000000
413
00000000000
00000000000
00000000000
00000000000
00000000000
00000000000
00000000000
414
00000000000
00000000000
00000000000
00000000000
00000000000
00000000000
00000000000
415
00000000000
00000000000
00000000000
00000000000
00000000000
00000000000
00000000000
416
00000000000
00000000000
00000000000
00000000000
00000000000
00000000000
00000000000
417
00000000000
00000000000
00000000000
00000000000
00000000000
00000000000
00000000000
418
00000000000
00000000000
00000000000
00000000000
00000000000
00000000000
00000000000
421
00000000000
00000000000
00000000000
00000000000
00000000000
00000000000
00000000000
422
00000000000
00000000000
00000000000
00000000000
00000000000
00000000000
00000000000
423
00000000000
00000000000
00000000000
00000000000
00000000000
00000000000
00000000000
424
00000000000
00000000000
00000000000
00000000000
00000000000
00000000000
00000000000
425
00000000000
00000000000
00000000000
00000000000
00000000000
00000000000
00000000000
426
00000000000
00000000000
00000000000
00000000000
00000000000
00000000000
00000000000
427
00000000000
00000000000
00000000000
00000000000
00000000000
00000000000
00000000000
428
00000000000
00000000000
00000000000
00000000000
00000000000
00000000000
00000000000
431
00000000000
00000000000
00000000000
00000000000
00000000000
00000000000
00000000000
432
00000000000
00000000000
00000000000
00000000000
00000000000
00000000000
00000000000
433
00000000000
00000000000
00000000000
00000000000
00000000000
00000000000
00000000000
434
00000000000
00000000000
00000000000
00000000000
00000000000
00000000000
00000000000
435
00000000000
00000000000
00000000000
00000000000
00000000000
00000000000
00000000000
436
00000000000
00000000000
00000000000
00000000000
00000000000
00000000000
00000000000
437
00000000000
00000000000
00000000000
00000000000
00000000000
00000000000
00000000000
438
00000000000
00000000000
00000000000
00000000000
00000000000
00000000000
00000000000
511
00000000000
00000000000
00000000000
00000000000
00000000000
00000000000
00000000000
512
00000000000
00000000000
00000000000
00000000000
00000000000
00000000000
00000000000
513
00000000000
00000000000
00000000000
00000000000
00000000000
00000000000
00000000000
514
00000000000
00000000000
00000000000
00000000000
00000000000
00000000000
00000000000
515
00000000000
00000000000
00000000000
00000000000
00000000000
00000000000
00000000000
516
00000000000
00000000000
00000000000
00000000000
00000000000
00000000000
00000000000
517
00000000000
00000000000
00000000000
00000000000
00000000000
00000000000
00000000000
518
00000000000
00000000000
00000000000
00000000000
00000000000
00000000000
00000000000
521
00000000000
00000000000
00000000000
00000000000
00000000000
00000000000
00000000000
522
00000000000
00000000000
00000000000
00000000000
00000000000
00000000000
00000000000
523
00000000000
00000000000
00000000000
00000000000
00000000000
00000000000
00000000000
524
00000000000
00000000000
00000000000
00000000000
00000000000
00000000000
00000000000
525
00000000000
00000000000
00000000000
00000000000
00000000000
00000000000
00000000000
526
00000000000
00000000000
00000000000
00000000000
00000000000
00000000000
00000000000
527
00000000000
00000000000
00000000000
00000000000
00000000000
00000000000
00000000000
528
00000000000
00000000000
00000000000
00000000000
00000000000
00000000000
00000000000
531
00000000000
00000000000
00000000000
00000000000
00000000000
00000000000
00000000000
532
00000000000
00000000000
00000000000
00000000000
00000000000
00000000000
00000000000
533
00000000000
00000000000
00000000000
00000000000
00000000000
00000000000
00000000000
534
00000000000
00000000000
00000000000
00000000000
00000000000
00000000000
00000000000
535
00000000000
00000000000
00000000000
00000000000
00000000000
00000000000
00000000000
536
00000000000
00000000000
00000000000
00000000000
00000000000
00000000000
00000000000
537
00000000000
00000000000
00000000000
00000000000
00000000000
00000000000
00000000000
538
00000000000
00000000000
00000000000
00000000000
00000000000
00000000000
00000000000
611
00000000000
00000000000
00000000000
00000000000
00000000000
00000000000
00000000000
612
00000000000
00000000000
00000000000
00000000000
00000000000
00000000000
00000000000
613
00000000000
00000000000
00000000000
00000000000
00000000000
00000000000
00000000000
614
00000000000
00000000000
00000000000
00000000000
00000000000
00000000000
00000000000
615
00000000000
00000000000
00000000000
00000000000
00000000000
00000000000
00000000000
616
00000000000
00000000000
00000000000
00000000000
00000000000
00000000000
00000000000
617
00000000000
00000000000
00000000000
00000000000
00000000000
00000000000
00000000000
618
00000000000
00000000000
00000000000
00000000000
00000000000
00000000000
00000000000
621
00000000000
00000000000
00000000000
00000000000
00000000000
00000000000
00000000000
622
00000000000
00000000000
00000000000
00000000000
00000000000
00000000000
00000000000
623
00000000000
00000000000
00000000000
00000000000
00000000000
00000000000
00000000000
624
00000000000
00000000000
00000000000
00000000000
00000000000
00000000000
00000000000
625
00000000000
00000000000
00000000000
00000000000
00000000000
00000000000
00000000000
626
00000000000
00000000000
00000000000
00000000000
00000000000
00000000000
00000000000
627
00000000000
00000000000
00000000000
00000000000
00000000000
00000000000
00000000000
628
00000000000
00000000000
00000000000
00000000000
00000000000
00000000000
00000000000
631
00000000000
00000000000
00000000000
00000000000
00000000000
00000000000
00000000000
632
00000000000
00000000000
00000000000
00000000000
00000000000
00000000000
00000000000
633
00000000000
00000000000
00000000000
00000000000
00000000000
00000000000
00000000000
634
00000000000
00000000000
00000000000
00000000000
00000000000
00000000000
00000000000
635
00000000000
00000000000
00000000000
00000000000
00000000000
00000000000
00000000000
636
00000000000
00000000000
00000000000
00000000000
00000000000
00000000000
00000000000
637
00000000000
00000000000
00000000000
00000000000
00000000000
00000000000
00000000000
638
00000000000
00000000000
00000000000
00000000000
00000000000
00000000000
00000000000
711
00000000000
00000000000
00000000000
00000000000
00000000000
00000000000
00000000000
712
00000000000
00000000000
00000000000
00000000000
00000000000
00000000000
00000000000
713
00000000000
00000000000
00000000000
00000000000
00000000000
00000000000
00000000000
714
00000000000
00000000000
00000000000
00000000000
00000000000
00000000000
00000000000
715
00000000000
00000000000
00000000000
00000000000
00000000000
00000000000
00000000000
716
00000000000
00000000000
00000000000
00000000000
00000000000
00000000000
00000000000
717
00000000000
00000000000
00000000000
00000000000
00000000000
00000000000
00000000000
718
00000000000
00000000000
00000000000
00000000000
00000000000
00000000000
00000000000
721
00000000000
00000000000
00000000000
00000000000
00000000000
00000000000
00000000000
722
00000000000
00000000000
00000000000
00000000000
00000000000
00000000000
00000000000
723
00000000000
00000000000
00000000000
00000000000
00000000000
00000000000
00000000000
724
00000000000
00000000000
00000000000
00000000000
00000000000
00000000000
00000000000
725
00000000000
00000000000
00000000000
00000000000
00000000000
00000000000
00000000000
726
00000000000
00000000000
00000000000
00000000000
00000000000
00000000000
00000000000
727
00000000000
00000000000
00000000000
00000000000
00000000000
00000000000
00000000000
728
00000000000
00000000000
00000000000
00000000000
00000000000
00000000000
00000000000
731
00000000000
00000000000
00000000000
00000000000
00000000000
00000000000
00000000000
732
00000000000
00000000000
00000000000
00000000000
00000000000
00000000000
00000000000
733
00000000000
00000000000
00000000000
00000000000
00000000000
00000000000
00000000000
734
00000000000
00000000000
00000000000
00000000000
00000000000
00000000000
00000000000
735
00000000000
00000000000
00000000000
00000000000
00000000000
00000000000
00000000000
736
00000000000
00000000000
00000000000
00000000000
00000000000
00000000000
00000000000
737
00000000000
00000000000
00000000000
00000000000
00000000000
00000000000
00000000000
738
00000000000
00000000000
00000000000
00000000000
00000000000
00000000000
00000000000
811
00000000000
00000000000
00000000000
00000000000
00000000000
00000000000
00000000000
812
00000000000
00000000000
00000000000
00000000000
00000000000
00000000000
00000000000
813
00000000000
00000000000
00000000000
00000000000
00000000000
00000000000
00000000000
814
00000000000
00000000000
00000000000
00000000000
00000000000
00000000000
00000000000
815
00000000000
00000000000
00000000000
00000000000
00000000000
00000000000
00000000000
816
00000000000
00000000000
00000000000
00000000000
00000000000
00000000000
00000000000
817
00000000000
00000000000
00000000000
00000000000
00000000000
00000000000
00000000000
818
00000000000
00000000000
00000000000
00000000000
00000000000
00000000000
00000000000
821
00000000000
00000000000
00000000000
00000000000
00000000000
00000000000
00000000000
822
00000000000
00000000000
00000000000
00000000000
00000000000
00000000000
00000000000
823
00000000000
00000000000
00000000000
00000000000
00000000000
00000000000
00000000000
824
00000000000
00000000000
00000000000
00000000000
00000000000
00000000000
00000000000
825
00000000000
00000000000
00000000000
00000000000
00000000000
00000000000
00000000000
826
00000000000
00000000000
00000000000
00000000000
00000000000
00000000000
00000000000
827
00000000000
00000000000
00000000000
00000000000
00000000000
00000000000
00000000000
828
00000000000
00000000000
00000000000
00000000000
00000000000
00000000000
00000000000
831
00000000000
00000000000
00000000000
00000000000
00000000000
00000000000
00000000000
832
00000000000
00000000000
00000000000
00000000000
00000000000
00000000000
00000000000
833
00000000000
00000000000
00000000000
00000000000
00000000000
00000000000
00000000000
834
00000000000
00000000000
00000000000
00000000000
00000000000
00000000000
00000000000
835
00000000000
00000000000
00000000000
00000000000
00000000000
00000000000
00000000000
836
00000000000
00000000000
00000000000
00000000000
00000000000
00000000000
00000000000
837
00000000000
00000000000
00000000000
00000000000
00000000000
00000000000
00000000000
838
00000000000
00000000000
00000000000
00000000000
00000000000
00000000000
00000000000
911
00000000000
00000000000
00000000000
00000000000
00000000000
00000000000
00000000000
912
00000000000
00000000000
00000000000
00000000000
00000000000
00000000000
00000000000
913
00000000000
00000000000
00000000000
00000000000
00000000000
00000000000
00000000000
914
00000000000
00000000000
00000000000
00000000000
00000000000
00000000000
00000000000
915
00000000000
00000000000
00000000000
00000000000
00000000000
00000000000
00000000000
916
00000000000
00000000000
00000000000
00000000000
00000000000
00000000000
00000000000
917
00000000000
00000000000
00000000000
00000000000
00000000000
00000000000
00000000000
918
00000000000
00000000000
00000000000
00000000000
00000000000
00000000000
00000000000
921
00000000000
00000000000
00000000000
00000000000
00000000000
00000000000
00000000000
922
00000000000
00000000000
00000000000
00000000000
00000000000
00000000000
00000000000
923
00000000000
00000000000
00000000000
00000000000
00000000000
00000000000
00000000000
924
00000000000
00000000000
00000000000
00000000000
00000000000
00000000000
00000000000
925
00000000000
00000000000
00000000000
00000000000
00000000000
00000000000
00000000000
926
00000000000
00000000000
00000000000
00000000000
00000000000
00000000000
00000000000
927
00000000000
00000000000
00000000000
00000000000
00000000000
00000000000
00000000000
928
00000000000
00000000000
00000000000
00000000000
00000000000
00000000000
00000000000
931
00000000000
00000000000
00000000000
00000000000
00000000000
00000000000
00000000000
932
00000000000
00000000000
00000000000
00000000000
00000000000
00000000000
00000000000
933
00000000000
00000000000
00000000000
00000000000
00000000000
00000000000
00000000000
934
00000000000
00000000000
00000000000
00000000000
00000000000
00000000000
00000000000
935
00000000000
00000000000
00000000000
00000000000
00000000000
00000000000
00000000000
936
00000000000
00000000000
00000000000
00000000000
00000000000
00000000000
00000000000
937
00000000000
00000000000
00000000000
00000000000
00000000000
00000000000
00000000000
938
00000000000
00000000000
00000000000
00000000000
00000000000
00000000000
00000000000
